1000000000000000
1752443600
511096101
1830555102
2803827403
1142826004
3760193405
3800514706
495295507
2872003408
3632185209
523907110
23745511
3408002712
2256855613
3175909114
3831492815
2983753016
597113417
1908897818
1951369019
3342532220
3560366221
899419122
1320638723
311145224
2585210725
258428926
1614568527
519521428
2757382529
968460230
4086862331
2166893532
2302469433
3979426234
3002891935
3756769436
505934237
2869043238
498109039
1724670840
2255503741
3134700042
184544943
162127544
3029693145
1839408446
1399694747
875060848
3198155949
4033321650
2891970151
1803235252
143947053
1335741154
941493955
4122033356
1096552957
1391471458
1180169459
1138619360
3051930161
3612305062
96016563
3641226564
1059602865
2317593266
585353767
1359830068
2992757569
1294027770
428284171
1226004172
911218073
4115860574
3259518475
4100298576
1687986277
1112185278
1148386379
3784968580
168381581
14705482
832273183
1252879384
2975058385
2326575386
2524083687
3883275188
3245817789
234590490
3115837091
2028439792
3954922793
3083244194
1941968995
211155196
2365519197
3624060298
2604126299
1000000000000000